# System created from the file  pdb/cap-camp-1g6n.pdb :
# 3325  atoms
# 517  residues
# 2  chains
# 115  waters
# 1  frames/models
# System created from the file  pdb/cap-apo-2wc2-fit.pdb :
# 6704  atoms
# 418  residues
# 2  chains
# 0  waters
# 1  frames/models
0 -0.181217685342
1 0.0299715697765
2 0.0371343232691
3 -0.0540640056133
4 0.00921740289778
5 0.0335542336106
6 -0.360805869102
7 0.411980450153
8 -0.098713748157
9 -0.0774041116238
10 0.139206692576
11 -0.082967095077
12 0.183064699173
13 -0.205700159073
14 -0.116274058819
15 -0.018720285967
16 0.00590388011187
17 0.0586266480386
18 -0.0169933084399
19 -0.0671235620975
20 -0.0330706723034
21 -0.0835986286402
22 -0.00263955374248
23 -0.0791879445314
24 -0.192735314369
25 -0.0300417970866
26 0.121419176459
27 0.16066429019
28 0.028953326866
29 0.0695350468159
30 -0.0740304067731
31 0.0255248192698
32 -0.0219519194216
33 -0.0221061129123
34 -0.0269387196749
35 -0.0208913255483
36 -0.0383493602276
37 -0.0614927597344
38 -0.0315968431532
39 0.0301598422229
40 0.054704926908
41 -0.171576648951
42 -0.0791115611792
43 0.0588704682887
44 0.115363158286
45 0.0842594727874
46 0.0117895537987
47 0.0798461437225
48 0.00329751544632
49 0.0116848526523
50 0.00479863816872
51 -0.0354225188494
52 0.00443631503731
53 0.0311119053513
54 0.00573014793918
55 0.0270479377359
56 0.0135952653363
57 -0.0289368461818
58 0.0237113554031
59 -0.0406127944589
60 0.0725445300341
61 0.0772941708565
62 0.0397301949561
63 -0.0184229519218
64 0.0122232576832
65 0.00573307881132
66 -0.000369057786884
67 0.0180185548961
68 -0.0370491109788
69 0.0612148717046
70 -0.0103298118338
71 -0.0207067467272
72 -0.0322088189423
73 -0.00809599179775
74 -0.0516927838326
75 0.104921422899
76 -0.00213591801003
77 -0.0268981065601
78 -0.0206680092961
79 0.109110698104
80 -0.013124415651
81 -0.0658540427685
82 0.0476741343737
83 -0.00497188093141
84 0.0181457698345
85 0.00331067014486
86 -0.0415395535529
87 -0.0206372980028
88 -0.0744309425354
89 0.0368658341467
90 -0.0335345193744
91 -0.0189627707005
92 -0.015868762508
93 0.0817862376571
94 -0.0182912331074
95 0.0635217279196
96 -0.0584802404046
97 0.0478050857782
98 0.000649515073746
99 -0.0558611042798
100 0.0640757754445
101 0.00591258658096
102 0.00355855398811
103 0.0370353609324
104 -0.0698855593801
105 0.0507420375943
106 0.0126004423946
107 0.0594899654388
108 0.00956143904477
109 0.0716125741601
110 -0.0628454908729
111 -0.0501951500773
112 0.00300739705563
113 -0.0221766121686
114 0.0528398640454
115 0.0199756845832
116 -0.0362349040806
117 0.0238245520741
118 0.0471078008413
119 -0.00466897850856
120 -0.0250096172094
121 0.0317557565868
122 0.00683430861682
123 -0.0194595512003
124 0.0564061962068
125 -0.0122414417565
126 0.00477104168385
127 0.0694924667478
128 0.0421659275889
129 0.0425100773573
130 -0.0145981498063
131 0.0464021749794
132 -0.0141434716061
133 -0.0301934946328
134 0.00400711549446
135 0.00951058231294
136 -0.0558862276375
137 0.0582792460918
138 -0.014364480041
139 -0.00157515285537
140 0.0133306616917
141 -0.0235555525869
142 -0.00362276216038
143 -0.00287848291919
144 0.0301274433732
145 -0.0235502719879
146 -0.0178943816572
147 -0.067398622632
148 0.00624033203349
149 0.00520715583116
150 -0.00169529102277
151 0.00600045546889
152 0.0198786891997
153 -0.021101154387
154 -0.0366899929941
155 0.00293718208559
156 0.013415732421
157 -0.0267612375319
158 0.0351969227195
159 0.0204177796841
160 -0.0524744540453
161 -0.0315592251718
162 0.0271072462201
163 0.0256171822548
164 -0.00309945433401
165 -0.0039528645575
166 -0.0175711028278
167 0.0152962794527
168 -0.0235600061715
169 -0.00912310183048
170 0.0202744249254
171 0.012763527222
172 -0.0287518128753
173 -0.0103721125051
174 -0.0373619832098
175 0.00181093858555
176 0.0199817270041
177 -0.0167142227292
178 -0.00422161165625
179 -0.0377646051347
180 -0.0264262724668
181 0.0147168394178
182 -0.0246856734157
183 0.0214300006628
184 -0.0358015820384
185 0.00276929186657
186 -0.0361499041319
187 0.0490398816764
188 -0.0450708791614
189 0.0134832710028
190 0.0273615568876
191 0.0098253749311
192 -0.0422930009663
193 0.00122152362019
194 -0.029729206115
195 0.0035420791246
196 0.0316630452871
197 -0.0361209325492
198 -0.0257329717278
199 -0.0171302910894
