# RMSD fitting: 2.63648958463
0 0.0106869535521 0.000114210976224
1 -0.000722405267879 0.000114732845595
2 -1.0768417269e-08 0.000114732845595
3 -1.7462298274e-10 0.000114732845595
4 1.32320565172e-07 0.000114732845613
5 -0.0058910427615 0.000149437230431
6 -0.368481904268 0.135928351004
7 0.4198962152 0.312241182543
8 -0.101921051741 0.322629083331
9 -0.0783569216728 0.328768890505
10 0.142922848463 0.349195831118
11 -0.084534175694 0.356341857978
12 0.186882853508 0.391267058914
13 -0.209458768368 0.43514003456
14 -0.118497595191 0.449181714626
15 -0.0197674240917 0.449572465681
16 0.00614323513582 0.449610205019
17 0.0599962547421 0.453209755602
18 -0.0169437713921 0.453496846991
19 -0.0685116425157 0.458190692151
20 -0.0335287451744 0.459314868904
21 -0.0853383988142 0.466597511216
22 -0.00174106413033 0.466600542521
23 -0.0812642276287 0.473204417213
24 -0.196658998728 0.511879178993
25 -0.0302043426782 0.51279148131
26 0.123528704047 0.528050822034
27 0.163233935833 0.554696139841
28 0.0289247799665 0.555532782737
29 0.0705150067806 0.560505148918
30 -0.075214125216 0.56616231355
31 0.0263270549476 0.566855427373
32 -0.0224607773125 0.56735991389
33 -0.0222999081016 0.567857199791
34 -0.0274710096419 0.568611856162
35 -0.0215048436075 0.569074314461
36 -0.0392625667155 0.570615863606
37 -0.0632121041417 0.574611633716
38 -0.0320661142468 0.575639869399
39 0.0308346580714 0.576590645537
40 0.0560179874301 0.579728660453
41 -0.175391405821 0.610490805689
42 -0.0808255150914 0.617023569579
43 0.0600684061646 0.620631782998
44 0.117822803557 0.634513996036
45 0.085678473115 0.641854796791
46 0.0116911455989 0.641991479676
47 0.0816363692284 0.648655976457
48 0.00314927264117 0.648665894375
49 0.012049776502 0.648811091489
50 0.00457335263491 0.648832007043
51 -0.0364205129445 0.650158460807
52 0.00437697535381 0.65017761872
53 0.0316507965326 0.651179391641
54 0.00568520231172 0.651211713166
55 0.0274440851063 0.651964890974
56 0.0140243759379 0.652161574094
57 -0.0299623385072 0.653059315823
58 0.0241670068353 0.653643360042
59 -0.0415199846029 0.655367269164
60 0.0742926970124 0.660886673993
61 0.0787983164191 0.667095848664
62 0.0405749231577 0.668742173053
63 -0.0188629161566 0.669097982659
64 0.0122891720384 0.669249006408
65 0.00594219239429 0.669284316059
66 -0.000515456835274 0.669284581754
67 0.0184892974794 0.669626435876
68 -0.0375173576176 0.671033987998
69 0.0624241679907 0.674930764748
70 -0.010620049201 0.675043550193
71 -0.0210038553923 0.675484712134
72 -0.0328205227852 0.67656189885
73 -0.00795490574092 0.676625179375
74 -0.0527781620622 0.679410713766
75 0.107003055513 0.690860367655
76 -0.00217328639701 0.690865090829
77 -0.0274619255215 0.691619248182
78 -0.0208479575813 0.692053885517
79 0.111393734813 0.704462449673
80 -0.0133688906208 0.704641176909
81 -0.0673709362745 0.709180019964
82 0.0484081655741 0.711523370458
83 -0.00527570070699 0.711551203476
84 0.018568970263 0.711896010133
85 0.00322014582343 0.711906379472
86 -0.0424759201705 0.713710583266
87 -0.0208185575902 0.714143995606
88 -0.0752069279552 0.719800077619
89 0.0374828092754 0.72120503861
90 -0.0342344455421 0.722377035871
91 -0.0191154517233 0.722742436366
92 -0.0162793174386 0.723007452542
93 0.0832356512547 0.729935626182
94 -0.0186456833035 0.730283287688
95 0.0646510869265 0.734463050729
96 -0.0597956068814 0.738038565331
97 0.0486178919673 0.74040226475
98 0.000455582136055 0.740402472305
99 -0.0570848472416 0.74366115209
100 0.0654256716371 0.747941670599
101 0.00601059012115 0.747977797793
102 0.00390622019768 0.747993056349
103 0.0377981923521 0.749421759694
104 -0.0710168331861 0.75446515029
105 0.0515989549458 0.757127602441
106 0.0125522566959 0.75728516159
107 0.0608432069421 0.760987057421
108 0.00962656736374 0.76107972822
109 0.0729415640235 0.766400199982
110 -0.0641753301024 0.770518672976
111 -0.0511602461338 0.77313604376
112 0.00300176022574 0.773145054325
113 -0.0226575378329 0.773658418345
114 0.0539559051394 0.776569658045
115 0.0203919298947 0.77698548885
116 -0.0372546985745 0.778373401415
117 0.0241220276803 0.778955273635
118 0.0481403917074 0.781272770949
119 -0.00486879050732 0.78129647607
120 -0.0254396274686 0.781943650715
121 0.0322816036642 0.78298575265
122 0.00702546956018 0.783035109873
123 -0.0197741724551 0.783426127769
124 0.0574985221028 0.786732207813
125 -0.0124610159546 0.786887484732
126 0.00497559877113 0.786912241315
127 0.0709877833724 0.791951506703
128 0.0430508553982 0.793804882854
129 0.0432929620147 0.795679163414
130 -0.0149766439572 0.795903463278
131 0.0470807664096 0.798120061844
132 -0.0142880249768 0.798324209501
133 -0.0306800473481 0.799265474807
134 0.0040584509261 0.799281945831
135 0.00980389490724 0.799378062186
136 -0.0570438802242 0.802632066457
137 0.0595079474151 0.806173262263
138 -0.0146933784708 0.806389157633
139 -0.0013419536408 0.806390958473
140 0.013694236055 0.806578490574
141 -0.0241595543921 0.807162174643
142 -0.00347265554592 0.807174233979
143 -0.00286209885962 0.807182425589
144 0.0308914128691 0.808136704978
145 -0.0239856410772 0.808712015956
146 -0.0182557869703 0.809045289714
147 -0.0686375051737 0.81375639683
148 0.00622373586521 0.813795131718
149 0.0054485858418 0.813824818806
150 -0.00185590505134 0.81382826319
151 0.00611249636859 0.813865625801
152 0.0203510224819 0.814279789918
153 -0.0215499959886 0.814744192245
154 -0.037373047322 0.816140936911
155 0.00298931333236 0.816149872905
156 0.0135572627187 0.816333672277
157 -0.0272723753005 0.817077454732
158 0.0361770577729 0.818386234241
159 0.0208350401372 0.818820333139
160 -0.0538026802242 0.821715061538
161 -0.0323117673397 0.822759111846
162 0.027625374496 0.823522273163
163 0.0260180961341 0.824199214489
164 -0.00325060356408 0.824209780912
165 -0.0041278898716 0.824226820387
166 -0.0179472006857 0.8245489224
167 0.0156092867255 0.824792572232
168 -0.0238887574524 0.825363244964
169 -0.00926974695176 0.825449173173
170 0.0206525288522 0.825875700121
171 0.0130855357274 0.826046931366
172 -0.0294453017414 0.826913957161
173 -0.0103201922029 0.827020463528
174 -0.0379782505333 0.828462811042
175 0.00168027449399 0.828465634364
176 0.0204670149833 0.828884533066
177 -0.0170142687857 0.829174018409
178 -0.00437740236521 0.82919318006
179 -0.0385214090347 0.830677079014
180 -0.0269938204437 0.831405745356
181 0.0150467390195 0.831632149711
182 -0.0252750553191 0.832270978133
183 0.0218371786177 0.832747840503
184 -0.0365597829223 0.83408445823
185 0.00275013456121 0.83409202147
186 -0.0367310903966 0.835441194472
187 0.0499099828303 0.837932200858
188 -0.0458394363523 0.840033454783
189 0.0138036478311 0.840223995477
190 0.027852403 0.840999751829
191 0.00984105654061 0.841096598223
192 -0.0432588346303 0.842967924997
193 0.00117841013707 0.842969313647
194 -0.030183872208 0.843880379789
195 0.00366211030632 0.843893790841
196 0.0323003903031 0.844937106054
197 -0.0370229184628 0.846307802546
198 -0.0263702888042 0.847003194677
199 -0.0176030956209 0.847313063653
