# System created from the file  pdb/cap-camp-1g6n.pdb :
# 3325  atoms
# 517  residues
# 2  chains
# 115  waters
# 1  frames/models
# System created from the file  pdb/cap-apo-2wc2-fit.pdb :
# 6748  atoms
# 420  residues
# 2  chains
# 0  waters
# 1  frames/models
# RMSD fitting: 3.97622829303



## apo -> camp (camp)
0 7.1813701652e-08 5.15720774496e-15
1 1.17361196317e-08 5.29494424897e-15
2 2.69210431725e-08 6.01968681446e-15
3 0.00279424595647 7.80781047124e-06
4 0.000340504047927 7.9237534779e-06
5 0.00312338746153 1.76793027127e-05
6 0.310443103313 0.0963925996976
7 0.107468046248 0.107941980662
8 0.0833795070648 0.11489412286
9 0.0290909484029 0.115740406139
10 0.155535295606 0.139931634318
11 0.0805830210447 0.146425257599
12 0.171863764524 0.175962411156
13 0.116292960942 0.18948646392
14 0.0230381619185 0.190017220825
15 0.0605516880751 0.193683727754
16 0.0262572057545 0.194373168608
17 0.0387839972973 0.195877367054
18 0.0638562440872 0.199954986963
19 0.00166129984427 0.19995774688
20 0.00416859285906 0.199975124047
21 0.144244462252 0.220781588937
22 0.0548544712365 0.223790601951
23 0.0106656737626 0.223904358548
24 0.0751773938537 0.229555999095
25 0.0320342034101 0.230582189283
26 0.0407728403807 0.232244613796
27 0.0601648502052 0.235864422996
28 0.0252965353429 0.236504337696
29 0.11354188621 0.24939609762
30 0.00901512429118 0.249477370086
31 0.0173235051334 0.249777473917
32 0.190649211407 0.286124595727
33 0.0365212932229 0.287458400585
34 0.0173620190471 0.287759840291
35 0.00457668676972 0.287780786352
36 0.0530419535935 0.290594235193
37 0.107720538974 0.30219794971
38 0.0880734920502 0.309954889712
39 0.00442179571837 0.30997444199
40 0.053065687418 0.312790409171
41 0.0530059449375 0.315600039369
42 0.0757257714868 0.321334431837
43 0.0485078655183 0.323687444854
44 0.0830779373646 0.330589388531
45 0.00178595946636 0.330592578182
46 0.0710868164897 0.33564591366
47 0.00129024428315 0.335647578391
48 0.0606636740267 0.339327659737
49 0.00521097006276 0.339354813946
50 0.0222553331405 0.339850113799
51 0.0618983618915 0.343681521004
52 0.00790762808174 0.343744051586
53 0.10484906286 0.354737377569
54 0.0566845573485 0.35795051661
55 0.00061307073338 0.357950892466
56 0.0542672649026 0.360895828506
57 0.0115920193493 0.361030203419
58 0.05260296911 0.363797275778
59 0.00088097207481 0.36379805189
60 0.00888987537473 0.363877081774
61 0.00700154807419 0.363926103449
62 0.00979167409241 0.364021980331
63 0.00943326484412 0.364110966817
64 0.0168979614973 0.364396507919
65 0.0238599795848 0.364965806545
66 0.0032749560196 0.364976531882
67 0.0355712398887 0.366241844989
68 0.0361801460385 0.367550847957
69 0.044789429754 0.369556940974
70 0.0352919995785 0.370802466209
71 0.0712671279907 0.375881469741
72 0.0207204520702 0.376310806875
73 0.0191877633333 0.376678977136
74 0.0355607420206 0.377943543509
75 0.0991333499551 0.387770964583
76 0.0339940935373 0.388926562978
77 0.0507017858326 0.391497234065
78 0.0227272845805 0.392013763529
79 0.0525780916214 0.394778219248
80 0.00241734948941 0.394784062826
81 0.0321750901639 0.395819299253
82 0.022856714204 0.396341728638
83 0.0143840443343 0.396548629369
84 0.0180176328868 0.396873264464
85 0.0399821437895 0.398471836286
86 0.00844200141728 0.398543103674
87 0.0250500347465 0.399170607914
88 0.0367549397051 0.400521533507
89 0.00541808782145 0.400550889183
90 0.10357169807 0.411277985824
91 0.0312109459192 0.412252108969
92 0.0050782780163 0.412277897877
93 0.0319992117584 0.41330184743
94 0.0167980510741 0.41358402195
95 0.0443500764668 0.415550951232
96 0.0279804226011 0.416333855281
97 0.0368816480041 0.417694111241
98 0.0887362509966 0.425568233482
99 0.0106175970286 0.425680966848
100 0.0620990730822 0.429537261726
101 0.0295484252274 0.430410371159
102 0.0156738739461 0.430656041484
103 0.095323741436 0.439742657165
104 0.0177966207266 0.440059376875
105 0.0205239001662 0.440480607353
106 0.0268062781543 0.441199183901
107 0.0557159036398 0.444303445819
108 0.00907922070473 0.444385878068
109 0.0282794870436 0.445185607456
110 0.0055604740046 0.445216526327
111 0.00448212772608 0.445236615796
112 0.00666734529659 0.445281069289
113 0.0123635614291 0.44543392694
114 0.0623591579497 0.44932259152
115 0.0465469285846 0.451489208081
116 0.00720141781494 0.4515410685
117 0.0298514645547 0.452432178436
118 0.0532875955105 0.455271746271
119 0.0344978570938 0.456461848415
120 0.0455974303186 0.458540974067
121 0.000171183623024 0.45854100337
122 0.0176670029759 0.458853126365
123 0.0609059035778 0.462562655455
124 0.0119012389332 0.462704294943
125 0.00843094103038 0.46277537571
126 0.0103678954765 0.462882868967
127 0.0305845476687 0.463818283523
128 0.0112306568772 0.463944411177
129 0.0422499515116 0.465729469579
130 0.0178060121834 0.466046523649
131 0.0184030067176 0.466385194305
132 0.0298204682767 0.467274454634
133 0.0423869043589 0.469071104295
134 0.0596461594105 0.472628768627
135 0.0289491582662 0.473466822392
136 0.0176716838032 0.4737791108
137 0.0197205170989 0.474168009595
138 0.0147912064567 0.474386789383
139 0.0400067940354 0.475987332952
140 0.0347106046975 0.477192159031
141 0.0357091464102 0.478467302168
142 0.0236926916987 0.479028645808
143 0.0390614084899 0.480554439441
144 0.0163325183094 0.480821190595
145 0.0164783596992 0.481092726934
146 0.0333923585713 0.482207776545
147 0.0291879624128 0.483059713695
148 0.030134851113 0.483967822946
149 0.0149106020108 0.484190148998
150 0.0133403325453 0.484368113471
151 0.0249556005001 0.484990895467
152 0.035060826689 0.486220157035
153 0.0352727882564 0.487464326627
154 0.00754585908726 0.487521266616
155 0.0414223819971 0.489237080346
156 0.0157031789422 0.489483670175
157 0.0204199291766 0.489900643683
158 0.0271373949945 0.49063708189
159 0.0580045208335 0.494001606327
160 0.0310362633318 0.494964855969
161 0.0110833346844 0.495087696276
162 0.00504581723362 0.495113156548
163 0.0130028100684 0.495282229618
164 0.0384935699403 0.496763984544
165 0.0178129300475 0.497081285021
166 0.0275166835636 0.497838452896
167 0.0259075574577 0.498509654429
168 0.00709145935252 0.498559943225
169 0.0261794086546 0.499245304662
170 0.0284979902208 0.500057440109
171 0.0224172193557 0.500559971833
172 0.0118943825364 0.500701448168
173 0.0371506810188 0.502081621269
174 0.0264006517828 0.502778615683
175 0.00941202323884 0.502867201865
176 0.0285434015095 0.503681927634
177 0.00643648719415 0.503723356002
178 0.00686683412641 0.503770509413
179 0.00801888946444 0.503834812001
180 0.03666703403 0.505179283385
181 0.0185594297945 0.50552373582
182 0.0305191427469 0.506455153894
183 0.00157500931527 0.506457634548
184 0.0119336135685 0.506600045681
185 0.0100499177352 0.506701046527
186 0.00621273275465 0.506739644576
187 0.0161378271878 0.507000074042
188 0.0263623874635 0.507695049515
189 0.0322269201279 0.508733623896
190 0.00588287692517 0.508768232137
191 0.0165170840919 0.509041046204
192 0.0248176828027 0.509656963583
193 0.0346393883228 0.510856850807
194 0.058218922466 0.51424629374
195 0.0364936254919 0.515578078441
196 0.00806842558086 0.515643177933
197 0.0266183447093 0.516351714208
198 0.0179108195007 0.516672511663
199 0.034686870873 0.517875690674
